from,to,relation,years
1,18,1,2016
2,18,1,2014
3,18,1,2016
4,18,1,2016
5,18,1,2013
5,25,1,
5,26,1,
6,18,1,2013
6,25,1,
6,20,3,
7,18,1,2015
8,18,1,2016
9,18,1,2013
10,18,1,2013
10,25,1,
10,26,1,
10,20,2,
11,18,1,2013
11,23,3,
11,24,3,
11,25,1,
12,18,1,2016
12,26,1,
13,18,1,2014
14,18,1,2016
14,25,1,
14,20,3,
15,18,1,2015
16,18,1,2016
16,20,3,
16,22,3,
16,26,1,
17,18,1,2013
17,25,1,
17,26,1,
17,24,1,
17,20,3,
17,23,3,
27,18,1,2013
27,20,3,
28,18,1,2013
29,18,1,2015
29,19,3,
29,20,3,
30,18,1,2013
30,20,3,
30,23,3,
30,24,1,
30,19,1,2015
31,18,1,2013
31,20,3,
32,18,1,2013
33,18,1,2017
33,24,,
34,18,1,2013
34,25,1,
34,26,1,
35,18,1,2013
35,25,1,
35,20,2,
36,18,1,2013
37,19,1,
37,25,3,
38,19,1,
38,25,3,
38,20,2,
38,23,2,
39,23,,
39,19,,
40,19,1,
40,25,3,
41,19,1,
41,25,3,
41,18,1,
42,19,1,
42,25,3,
43,19,1,
43,25,3,
44,19,1,
44,23,2,
44,25,3,
45,19,1,
45,25,3,
46,19,1,
46,20,3,
46,23,2,
46,25,3,
